1681726931136
1681726934040
1681726935894
1681726937385
1681726938897
1681726940502
1681726941996
1681726943668
1681726946163
1681726947510
1681726949223
1681726950799
1681726952567
1681726954242
1681726955621
1681726957155
1681726958691
1681726960203
1681726961834
1681726963422
1681726965078
1681726967066
1681726969019
1681726970638
1681726972416
1681726973715
1681726975193
1681726976782
1681726978591
1681726980256
1681726981879
1681726983706
1681726985150
1681726986570
1681726989646
1681726991082
1681726992824
1681726994594
1681726997001
1681727001455
1681727002825
1681727004199
1681727005672
1681727006786
1681727008277
1681727009816
1681727011473
1681727013298
1681727014993
1681727016600
1681727018171
1681727019467
1681727021068
1681727022532
1681727024045
1681727025963
1681727027993
1681727029570
1681727031203
1681727032660
1681727034159
1681727035632
1681727037011
1681727038626
1681727040411
1681727041922
1681727043455
1681727044886
1681727046422
1681727047949
1681727049647
1681727051091
1681727056943
1681727060011
1681727061164
1681727063286
1681727064956
1681727066674
1681727068362
1681727070401
