1681727095489
1681727099389
1681727101460
1681727103166
1681727104776
1681727106257
1681727107861
1681727109473
1681727111402
1681727113044
1681727114712
1681727116290
1681727117834
1681727119305
1681727120709
1681727122309
1681727123841
1681727125330
1681727127120
1681727128540
1681727130247
1681727132324
1681727133781
1681727135314
1681727136805
1681727138443
1681727139826
1681727141394
1681727142884
1681727144548
1681727146433
1681727147958
1681727149575
1681727151019
1681727152514
1681727153803
1681727155291
1681727156752
1681727158482
1681727159928
1681727161474
1681727162930
1681727164579
1681727165953
1681727167541
1681727169188
