1681726566466
1681726570061
1681726572886
1681726575672
1681726578501
1681726580906
1681726583649
1681726587193
1681726589842
1681726592012
1681726594257
1681726596314
1681726598932
1681726601508
1681726603563
1681726605361
1681726607454
1681726609520
1681726611665
1681726614089
1681726616805
1681726618835
1681726620944
1681726622873
1681726624657
1681726626474
1681726628073
1681726629679
1681726631656
1681726633955
1681726636340
1681726638018
1681726639697
1681726641487
1681726643253
1681726644716
1681726646404
1681726648799
1681726651345
1681726653283
1681726654946
1681726656659
1681726658287
1681726659909
1681726661477
