1681726339756
1681726342660
1681726343222
1681726346050
1681726348717
1681726350706
1681726352604
1681726354996
1681726356873
1681726359144
1681726361001
1681726362656
1681726364435
1681726366583
1681726368727
1681726370698
1681726372193
1681726374018
1681726375832
1681726378224
1681726379999
1681726381858
1681726383528
1681726386983
1681726388596
1681726390084
1681726391786
1681726393709
1681726395269
1681726397151
1681726400087
1681726402222
1681726404420
1681726406159
1681726407779
1681726409482
1681726411199
1681726412969
1681726414627
1681726416750
1681726418782
1681726420473
1681726422265
1681726423909
1681726425620
