1681726688755
1681726691425
1681726693569
1681726695980
1681726697895
1681726699728
1681726702025
1681726703986
1681726706677
1681726708359
1681726710103
1681726711739
1681726713992
1681726716049
1681726717909
1681726720232
1681726722398
1681726724613
1681726726847
1681726728722
1681726730859
1681726732884
1681726735196
1681726736659
1681726738160
1681726740002
1681726741488
1681726743068
1681726745251
1681726747002
1681726749143
1681726751138
1681726752834
1681726754349
1681726755972
1681726757676
1681726759247
1681726761063
1681726762898
1681726764332
1681726765974
1681726767488
1681726769196
1681726770806
1681726772216
1681726774507
