1681726809799
1681726811903
1681726814045
1681726815464
1681726817261
1681726818876
1681726820820
1681726822794
1681726826145
1681726828137
1681726829631
1681726831472
1681726833830
1681726836049
1681726838030
1681726839680
1681726841507
1681726843008
1681726845040
1681726846526
1681726848438
1681726851026
1681726852473
1681726854192
1681726855715
1681726857367
1681726858720
1681726860552
1681726862452
1681726864073
1681726865962
1681726867800
1681726869653
1681726871219
1681726872890
1681726874613
1681726876516
1681726878294
1681726880262
1681726882094
1681726883823
1681726885586
1681726887300
1681726888872
1681726890662
1681726892863
