1681217217431
1681217221162
1681217224850
1681217226392
1681217228034
1681217229892
1681217231684
1681217233656
1681217235660
1681217237557
1681217239678
1681217241154
1681217242708
1681217244575
1681217246248
1681217248261
1681217249438
1681217251007
1681217252929
1681217254740
1681217257340
1681217259115
1681217261023
1681217262629
1681217264152
1681217265637
1681217266685
1681217268204
1681217269356
1681217271418
1681217272798
1681217274353
1681217276688
1681217277864
1681217279394
1681217280744
1681217282330
1681217286773
1681217288001
1681217289638
1681217291157
1681217292671
1681217293822
1681217295217
1681217296681
1681217298708
1681217300739
1681217301787
